1 0.3089293981481481 0.7649305555555556 0.09744212962962964 0.07611111111111128
1 0.04410300925925926 0.6971180555555556 0.055844907407407406 0.04149305555555553
1 0.26622106481481483 0.5210590277777778 0.05120370370370377 0.04284722222222222
1 0.40679398148148155 0.5428993055555555 0.06843749999999993 0.045173611111111
1 0.5843981481481482 0.4998958333333333 0.08144675925925923 0.06291666666666665
1 0.2919212962962963 0.36465277777777777 0.05906250000000002 0.044756944444444446
1 0.4573784722222222 0.8106076388888889 0.055798611111111104 0.03993055555555571
1 0.5845312500000001 0.8377256944444443 0.0796064814814816 0.05347222222222214
1 0.636545138888889 0.13555555555555557 0.044907407407407264 0.041006944444444485
1 0.5107349537037037 0.2737847222222222 0.043020833333333286 0.02999999999999998
1 0.4232581018518518 0.2768923611111111 0.047800925925925955 0.033333333333333305
1 0.3946354166666667 0.24227430555555554 0.04481481481481477 0.03788194444444439