1 0.81015625 0.40234375 0.0515625 0.0828125
1 0.79765625 0.13046875 0.0265625 0.04765625
1 0.58984375 0.29765625 0.03046875 0.04375
1 0.5828125 0.43671875 0.0265625 0.06015625
1 0.50859375 0.59453125 0.04296875 0.0703125
1 0.43828125 0.28046875 0.0296875 0.05
1 0.82421875 0.55625 0.02578125 0.04765625
1 0.825 0.684375 0.03125 0.06953125
1 0.15703125 0.54921875 0.03125 0.03671875
1 0.3109375 0.46484375 0.01875 0.03828125
1 0.33046875 0.3828125 0.0203125 0.040625
1 0.303125 0.3453125 0.0265625 0.03671875