1 0.34673032407407406 0.1948611111111111 0.0940393518518519 0.0665972222222222
1 0.07075231481481481 0.2286284722222222 0.05414351851851853 0.03673611111111112
1 0.2741261574074074 0.43038194444444444 0.04950231481481478 0.038090277777777716
1 0.4183796296296297 0.42743055555555554 0.06668981481481495 0.038854166666666676
1 0.5918981481481482 0.49053819444444446 0.07969907407407409 0.056597222222222146
1 0.28119212962962964 0.5898611111111112 0.057361111111111106 0.040000000000000036
1 0.5035243055555556 0.16749999999999998 0.05409722222222228 0.03517361111111113
1 0.6342650462962963 0.15614583333333334 0.07620370370370377 0.04395833333333332
1 0.6012384259259259 0.8584375 0.041736111111111106 0.03930555555555557
1 0.49061342592592594 0.7060590277777777 0.042881944444444466 0.02531250000000007
1 0.40203125 0.6919791666666667 0.04609953703703695 0.028576388888888894
1 0.36865162037037036 0.7240451388888889 0.041597222222222285 0.03461805555555557