4 0.25234375 0.03203125 0.0828125 0.04296875
4 0.27109375 0.203125 0.0546875 0.05703125
4 0.57578125 0.1921875 0.0765625 0.11875
4 0.8734375 0.0921875 0.08203125 0.0625
4 0.47265625 0.371875 0.0546875 0.04375
4 0.54921875 0.45625 0.0640625 0.053125
4 0.353125 0.58046875 0.05 0.05859375
4 0.8484375 0.3625 0.05625 0.040625
4 0.65859375 0.33984375 0.0640625 0.03359375
4 0.190625 0.46328125 0.03359375 0.0546875
4 0.38671875 0.7171875 0.0546875 0.06328125
4 0.6453125 0.63515625 0.05625 0.034375
4 0.70546875 0.8328125 0.2078125 0.1328125