4 0.348755787037037 0.28421296296296295 0.09334490740740745 0.10127314814814818
4 0.5249131944444445 0.40282986111111113 0.06996527777777786 0.08063657407407412
4 0.5400173611111111 0.6067361111111111 0.08269675925925916 0.08394675925925928
4 0.3955439814814815 0.021614583333333333 0.08796296296296298 0.043229166666666666
4 0.4288194444444445 0.4253703703703704 0.059664351851851906 0.06799768518518512
4 0.6594039351851851 0.6346875000000001 0.07332175925925917 0.08380787037037045
4 0.5822916666666667 0.11103587962962962 0.06255787037037024 0.06491898148148145
4 0.6475405092592592 0.1577777777777778 0.06435185185185191 0.06806712962962962
4 0.6989872685185186 0.38773726851851853 0.05630787037037042 0.06482638888888878
4 0.47442129629629637 0.25967013888888885 0.06145833333333321 0.07114583333333328
4 0.2111111111111111 0.5271412037037038 0.0630208333333333 0.07116898148148146
4 0.8676215277777779 0.36255787037037035 0.05607638888888857 0.061701388888888875
4 0.3005787037037037 0.25677083333333334 0.056076388888888926 0.061701388888888875
4 0.9280092592592591 0.3859085648148148 0.08061342592592595 0.09796296296296295
4 0.8946180555555557 0.6108680555555556 0.05162037037037024 0.06475694444444446
4 0.8260416666666668 0.4452951388888889 0.06302083333333357 0.07116898148148146