4 0.4513020833333334 0.4768229166666666 0.08732638888888893 0.06400462962962976
4 0.678125 0.4825231481481482 0.09629629629629637 0.0799189814814815
4 0.3291087962962963 0.6356770833333334 0.1125 0.08831018518518512
4 0.7019965277777778 0.3711805555555555 0.08755787037037041 0.06712962962962958
4 0.4834780092592593 0.5727719907407407 0.06956018518518511 0.05555555555555554
4 0.13284143518518518 0.3867766203703704 0.06979166666666665 0.058680555555555534
4 0.43237847222222225 0.30596064814814816 0.0642939814814815 0.04756944444444446
4 0.18119212962962963 0.330931712962963 0.06631944444444446 0.05387731481481488
4 0.3008101851851852 0.5074652777777777 0.0807291666666666 0.059085648148148096
4 0.40002893518518523 0.144212962962963 0.06956018518518511 0.05555555555555554
4 0.5960648148148148 0.791869212962963 0.08240740740740744 0.06070601851851833
4 0.050462962962962966 0.5543402777777777 0.02407407407407407 0.07256944444444446
4 0.6703703703703704 0.14516782407407408 0.07569444444444429 0.05422453703703702
4 0.413744212962963 0.8793113425925927 0.0778356481481481 0.06209490740740762
4 0.7871238425925926 0.5474247685185185 0.08888888888888893 0.0640625
4 0.6077256944444445 0.17725694444444445 0.08194444444444446 0.054456018518518515
4 0.4224247685185185 0.08697916666666666 0.1114583333333334 0.07424768518518518
4 0.4971643518518519 0.7892650462962962 0.08778935185185191 0.07025462962962958
4 0.5038773148148148 0.18188657407407405 0.10289351851851851 0.08483796296296298
4 0.5599826388888889 0.9287326388888889 0.11238425925925917 0.08674768518518512
4 0.0650462962962963 0.49739583333333337 0.059837962962962975 0.050520833333333216
4 0.29522569444444446 0.675318287037037 0.05804398148148149 0.04733796296296298