4 0.50703125 0.36277199074074074 0.053125 0.0855671296296296
4 0.62265625 0.6083391203703703 0.05625 0.09197916666666668
4 0.28203125 0.3369386574074074 0.0703125 0.1145833333333333
4 0.8421875 0.2289872685185185 0.0859375 0.10601851851851851
4 0.221875 0.3314641203703704 0.0421875 0.06624999999999996
4 0.82421875 0.10101273148148149 0.04375 0.06164351851851855
4 0.88828125 0.09144097222222222 0.0609375 0.10315972222222222
4 0.1828125 0.008530092592592593 0.059375 0.017060185185185185
4 0.428125 0.4567071759259259 0.046875 0.06649305555555554
4 0.753125 0.5601678240740741 0.0515625 0.09798611111111111
4 0.425 0.004392361111111109 0.04375 0.008784722222222218
4 0.896875 0.3394328703703704 0.0484375 0.07282407407407412
4 0.984375 0.6817708333333334 0.0234375 0.054340277777777855
4 0.8140625 0.7210706018518518 0.0328125 0.051701388888889
4 0.26484375 0.7214236111111111 0.046875 0.07430555555555554
4 0.07421875 0.5844328703703704 0.0421875 0.07250000000000015
4 0.67578125 0.23605324074074074 0.0421875 0.07093749999999996
4 0.39609375 0.22711805555555556 0.0421875 0.06937499999999996
4 0.5125 0.01079861111111111 0.05 0.02159722222222222
4 0.91953125 0.45232060185185186 0.05 0.07134259259259253
4 0.9671875 0.386568287037037 0.04375 0.07414351851851855
4 0.10625 0.7640219907407407 0.0578125 0.11081018518518508
4 0.50546875 0.8261342592592593 0.0328125 0.043888888888889