4 0.575 0.51171875 0.075 0.04921875
4 0.35546875 0.490625 0.0796875 0.0625
4 0.68046875 0.68046875 0.09609375 0.06875
4 0.3421875 0.3796875 0.07265625 0.05234375
4 0.5359375 0.60234375 0.05859375 0.04296875
4 0.89140625 0.4609375 0.05859375 0.0453125
4 0.6078125 0.346875 0.0546875 0.0375
4 0.84921875 0.40078125 0.05546875 0.0421875
4 0.71953125 0.559375 0.06875 0.04375
4 0.653125 0.19375 0.05859375 0.0421875
4 0.41015625 0.80234375 0.0703125 0.0453125
4 0.97734375 0.63671875 0.0453125 0.0671875
4 0.390625 0.16328125 0.06484375 0.040625
4 0.5796875 0.9078125 0.065625 0.0484375
4 0.24453125 0.54140625 0.07734375 0.0484375
4 0.44921875 0.2015625 0.0703125 0.0390625
4 0.634375 0.134375 0.09609375 0.0546875
4 0.50625 0.81171875 0.071875 0.0546875
4 0.5484375 0.21796875 0.08515625 0.06796875
4 0.43359375 0.9390625 0.09453125 0.0671875
4 0.9484375 0.57734375 0.05 0.03984375
4 0.7109375 0.7234375 0.04921875 0.0359375