4 0.5230902777777778 0.796712962962963 0.038298611111111214 0.036215277777777645
4 0.7926562500000001 0.519068287037037 0.11333333333333329 0.10863425925925921
4 0.9983159722222222 0.5073553240740741 0.003368055555555571 0.03760416666666657
4 0.07204861111111112 0.21924768518518517 0.07013888888888889 0.0630092592592593
4 0.231875 0.7679976851851851 0.07027777777777774 0.06925925925925931
4 0.5419965277777777 0.3820775462962963 0.07645833333333343 0.06618055555555555
4 0.1321701388888889 0.4290335648148148 0.07482638888888889 0.06304398148148138
4 0.21180555555555552 0.6381828703703704 0.08774305555555557 0.08188657407407404
4 0.4567534722222222 0.7641956018518519 0.09770833333333329 0.10851851851851854
4 0.4142013888888889 0.6068749999999999 0.07027777777777774 0.06925925925925931
4 0.023524305555555555 0.3204340277777778 0.03454861111111111 0.07836805555555557
4 0.4488020833333334 0.33608217592592593 0.07027777777777774 0.06925925925925931
4 0.03737847222222222 0.1705613425925926 0.06913194444444445 0.08799768518518518