4 0.6609375 0.715625 0.0859375 0.06640625
4 0.57890625 0.53203125 0.06875 0.04921875
4 0.38359375 0.48984375 0.06953125 0.06015625
4 0.9515625 0.71015625 0.08046875 0.06875
4 0.53828125 0.6203125 0.0578125 0.04375
4 0.3796875 0.371875 0.071875 0.05234375
4 0.8734375 0.51484375 0.05390625 0.04609375
4 0.83984375 0.44609375 0.05625 0.04765625
4 0.62578125 0.36640625 0.0546875 0.0390625
4 0.7078125 0.5984375 0.06171875 0.04296875
4 0.3984375 0.815625 0.06171875 0.04453125
4 0.68203125 0.2078125 0.053125 0.040625
4 0.678125 0.76484375 0.05234375 0.040625
4 0.67109375 0.14765625 0.08515625 0.05625
4 0.44609375 0.14921875 0.05625 0.03515625
4 0.59375 0.2375 0.06171875 0.04375