4 0.4338715277777778 0.4409664351851852 0.07246527777777771 0.09254629629629622
4 0.39925347222222224 0.6813194444444445 0.08864583333333335 0.10273148148148152
4 0.27924768518518517 0.28640625000000003 0.09913194444444447 0.12196759259259267
4 0.5158275462962963 0.7241956018518518 0.07559027777777771 0.09270833333333321
4 0.32614004629629634 0.460457175925926 0.06216435185185185 0.07643518518518526
4 0.5684374999999999 0.11410879629629629 0.06528935185185177 0.07659722222222225
4 0.6176967592592593 0.44657986111111114 0.053888888888888785 0.06821759259259252
4 0.6220428240740741 0.17487847222222222 0.06032407407407412 0.07166666666666668
4 0.4194212962962963 0.27486689814814813 0.06584490740740741 0.08597222222222226
4 0.7945891203703704 0.43694444444444447 0.0620717592592591 0.07487268518518526
4 0.07963541666666667 0.5471990740740742 0.0675925925925926 0.08917824074074084
4 0.7594907407407407 0.7250752314814815 0.062442129629629584 0.08112268518518526
4 0.02277488425925926 0.34108796296296295 0.04554976851851852 0.08219907407407412
4 0.31685185185185183 0.7891087962962963 0.07265046296296296 0.09567129629629623
4 0.7331886574074075 0.6531828703703704 0.06125000000000007 0.0872916666666665
4 0.852204861111111 0.4697106481481482 0.08341435185185161 0.11959490740740755
4 0.09452546296296296 0.4413946759259259 0.07715277777777778 0.0927893518518518
4 0.7413715277777777 0.5415451388888889 0.09682870370370367 0.10938657407407408
4 0.4568402777777777 0.04014467592592593 0.05194444444444457 0.03540509259259259
4 0.24107638888888888 0.24289351851851854 0.05195601851851848 0.06188657407407412