4 0.3598958333333333 0.6641203703703704 0.11968750000000003 0.08859953703703702
4 0.33395833333333336 0.12233796296296298 0.11624999999999996 0.08379629629629629
4 0.46109375 0.47867476851851853 0.0953125 0.07366898148148149
4 0.7185416666666666 0.41666666666666663 0.09250000000000007 0.07824074074074083
4 0.7171875 0.30237268518518523 0.10041666666666664 0.08009259259259256
4 0.4423958333333333 0.18645833333333334 0.12020833333333343 0.09641203703703702
4 0.701875 0.7305555555555555 0.08239583333333336 0.06695601851851851
4 0.5190625 0.5611111111111111 0.07249999999999997 0.058796296296296194
4 0.3985416666666667 0.327488425925926 0.07572916666666671 0.06047453703703702
4 0.12265625 0.4301215277777778 0.07593749999999999 0.06359953703703702
4 0.07953125 0.49985532407407407 0.07093749999999999 0.05873842592592595
4 0.5179166666666667 0.8728587962962961 0.07250000000000015 0.058796296296296194
4 0.6947916666666667 0.8710069444444443 0.12635416666666668 0.09508101851851833
4 0.29885416666666664 0.5590856481481481 0.07729166666666672 0.060532407407407264
4 0.5496875 0.1511574074074074 0.08364583333333328 0.06232638888888893
4 0.6244791666666666 0.09826388888888889 0.07708333333333321 0.05740740740740739
4 0.13385416666666666 0.6333333333333334 0.07260416666666666 0.06035879629629619
4 0.6001041666666667 0.7664351851851852 0.084375 0.07326388888888893
4 0.67234375 0.14661458333333333 0.08375000000000003 0.06388888888888888