4 0.40043402777777776 0.5290104166666667 0.08572916666666668 0.06468749999999997
4 0.6607465277777778 0.6178472222222222 0.09677083333333343 0.06986111111111111
4 0.32852430555555556 0.31352430555555555 0.11743055555555557 0.08638888888888889
4 0.3407986111111111 0.8658680555555556 0.11152777777777781 0.10173611111111107
4 0.31006944444444445 0.2557291666666667 0.06986111111111111 0.0530555555555555
4 0.21345486111111112 0.8602083333333332 0.06517361111111111 0.052847222222222004
4 0.2171875 0.9228124999999998 0.10631944444444441 0.07809027777777758
4 0.47503472222222226 0.44413194444444437 0.06993055555555543 0.0561805555555555
4 0.6410243055555556 0.7488715277777778 0.09826388888888893 0.0668055555555556
4 0.027152777777777776 0.4843229166666667 0.03388888888888889 0.04989583333333343
4 0.45803819444444444 0.9085416666666667 0.07468749999999993 0.059513888888889
4 0.8082291666666667 0.9678125000000002 0.055659722222222284 0.04618055555555571
4 0.8090277777777779 0.7930208333333333 0.05399305555555571 0.041423611111111217
4 0.6957291666666666 0.26038194444444446 0.07777777777777786 0.058090277777777824
4 0.5241145833333334 0.08885416666666666 0.07614583333333336 0.054895833333333345
4 0.31222222222222223 0.7038194444444444 0.07298611111111111 0.0531944444444445
4 0.24532986111111113 0.4331423611111111 0.07138888888888886 0.0515625
4 0.04461805555555556 0.5678298611111111 0.062152777777777765 0.057395833333333354
4 0.5730381944444444 0.9206770833333333 0.07312499999999993 0.0594444444444445
4 0.5187847222222223 0.9723177083333333 0.07774305555555543 0.055364583333333425
4 0.7039409722222223 0.1030902777777778 0.1125 0.07524305555555558
4 0.8474305555555557 0.4840972222222223 0.04614583333333329 0.03951388888888889