4 0.17996527777777777 0.533130787037037 0.038252314814814795 0.03932870370370374
4 0.4449594907407407 0.2477199074074074 0.11594907407407415 0.11174768518518521
4 0.4408622685185185 0.020445601851851854 0.04109953703703706 0.03466435185185185
4 0.8018460648148148 0.9698321759259259 0.06482638888888878 0.06033564814814838
4 0.23115162037037038 0.8302546296296296 0.07447916666666661 0.07083333333333357
4 0.6027893518518519 0.4995601851851852 0.07163194444444443 0.07549768518518522
4 0.583304398148148 0.921886574074074 0.06841435185185177 0.07391203703703689
4 0.3648900462962963 0.8468634259259259 0.0865277777777778 0.08966435185185198
4 0.21827546296296294 0.5997916666666667 0.11511574074074069 0.09768518518518512
4 0.38221643518518517 0.6384895833333333 0.07613425925925928 0.07240740740740748
4 0.6568287037037037 0.5944502314814815 0.07613425925925928 0.07240740740740748
4 0.8529108796296295 0.9879398148148149 0.08769675925925924 0.024120370370370382