4 0.50078125 0.69296875 0.02890625 0.04140625
4 0.6703125 0.41328125 0.028125 0.0375
4 0.6578125 0.76015625 0.04296875 0.05859375
4 0.35546875 0.6125 0.0328125 0.04375
4 0.86796875 0.3390625 0.06796875 0.0921875
4 0.3578125 0.72890625 0.06015625 0.06796875
4 0.8921875 0.67109375 0.0296875 0.0453125
4 0.7375 0.8296875 0.040625 0.06171875
4 0.47578125 0.971875 0.03046875 0.03515625
4 0.29453125 0.6171875 0.05546875 0.09140625
4 0.603125 0.446875 0.03984375 0.04921875
4 0.965625 0.19609375 0.02734375 0.0359375
4 0.7328125 0.6203125 0.0375 0.0609375
4 0.59765625 0.9828125 0.0359375 0.034375
4 0.32109375 0.83515625 0.03515625 0.05546875
4 0.83984375 0.68828125 0.04609375 0.0890625
4 0.44609375 0.86171875 0.02890625 0.04453125
4 0.8078125 0.48359375 0.0359375 0.05390625
4 0.27265625 0.88359375 0.03046875 0.05390625
4 0.32109375 0.9390625 0.034375 0.04765625
4 0.79609375 0.37890625 0.04296875 0.0546875
4 0.415625 0.6390625 0.03671875 0.04765625