4 0.7135416666666666 0.5309722222222222 0.04513888888888893 0.032222222222222284
4 0.43088541666666663 0.68625 0.04038194444444443 0.030555555555555537
4 0.7831944444444445 0.6932986111111111 0.06295138888888889 0.046666666666666676
4 0.6302777777777778 0.3784895833333333 0.04690972222222225 0.036944444444444446
4 0.35767361111111107 0.8828645833333333 0.0985069444444445 0.07399305555555528
4 0.7493402777777778 0.3881597222222222 0.07315972222222218 0.065625
4 0.6952430555555555 0.9270486111111111 0.04982638888888893 0.032326388888888856
4 0.8556944444444443 0.7792013888888889 0.06593749999999972 0.043611111111111
4 0.9888715277777778 0.5216666666666667 0.022256944444444572 0.033645833333333285
4 0.6345659722222222 0.31692708333333336 0.09795138888888885 0.06149305555555555
4 0.4646180555555556 0.6198784722222223 0.05343750000000007 0.043333333333333356
4 0.2126215277777778 0.973298611111111 0.04038194444444443 0.030555555555555714
4 0.6418576388888889 0.7619618055555556 0.06579861111111107 0.040486111111111
4 0.994670138888889 0.6452083333333334 0.010659722222222001 0.03982638888888897
4 0.8564409722222223 0.3569791666666666 0.059409722222222426 0.03722222222222218
4 0.7116319444444444 0.8743402777777778 0.09440972222222221 0.05204861111111114
4 0.8847569444444444 0.4848263888888889 0.04819444444444443 0.030729166666666606
4 0.5043923611111112 0.8299305555555556 0.05798611111111107 0.04031249999999993
4 0.9051041666666666 0.3104513888888889 0.05770833333333343 0.034062500000000016
4 0.9620486111111111 0.36244791666666665 0.05159722222222207 0.03704861111111111
4 0.39666666666666667 0.8119270833333333 0.059826388888888894 0.04659722222222236
4 0.6572743055555555 0.4415277777777778 0.05173611111111107 0.040173611111111104