4 0.59296875 0.684375 0.05703125 0.0953125
4 0.109375 0.5625 0.05390625 0.09140625
4 0.4546875 0.54453125 0.0484375 0.075
4 0.46015625 0.2984375 0.05546875 0.0703125
4 0.359375 0.2703125 0.05390625 0.07734375
4 0.19140625 0.48359375 0.0671875 0.0921875
4 0.73359375 0.39765625 0.0453125 0.06328125
4 0.540625 0.51484375 0.03984375 0.05625
4 0.30546875 0.56015625 0.03984375 0.059375
4 0.32890625 0.8328125 0.0453125 0.05625
4 0.38046875 0.8890625 0.040625 0.05390625
4 0.81484375 0.6 0.040625 0.05625
4 0.85625 0.44140625 0.06328125 0.09921875
4 0.48515625 0.71015625 0.040625 0.06015625
4 0.1859375 0.37890625 0.040625 0.0671875
4 0.15703125 0.2984375 0.03671875 0.0609375
4 0.51171875 0.8765625 0.04140625 0.0546875
4 0.48046875 0.9640625 0.0390625 0.03984375
4 0.740625 0.4984375 0.0515625 0.06328125
4 0.2109375 0.26875 0.04140625 0.06640625