4 0.20015046296296296 0.09680555555555556 0.13583333333333333 0.09943287037037038
4 0.636869212962963 0.10004050925925925 0.09460648148148146 0.058506944444444466
4 0.4176736111111111 0.07575810185185186 0.09040509259259259 0.09128472222222221
4 0.7200347222222222 0.12956597222222221 0.03793981481481481 0.029965277777777778
4 0.6571354166666666 0.20879629629629629 0.06951388888888896 0.05207175925925931
4 0.6692592592592593 0.49798032407407405 0.45976851851851847 0.24087962962962967
4 0.6013773148148148 0.33339699074074075 0.20940972222222226 0.10935185185185184
4 0.3197974537037037 0.4063194444444445 0.20976851851851847 0.23902777777777792
4 0.24105902777777777 0.2361863425925926 0.08835648148148145 0.05846064814814813
4 0.11217592592592593 0.4446296296296296 0.09780092592592596 0.06321759259259263
4 0.37917245370370367 0.7716145833333334 0.7583449074074073 0.34938657407407414