4 0.32163194444444443 0.5276967592592593 0.08322916666666665 0.08086805555555561
4 0.34015625 0.30413194444444447 0.10211805555555556 0.08427083333333334
4 0.41357638888888887 0.9533969907407407 0.11291666666666664 0.08130787037037024
4 0.5304166666666668 0.6432754629629629 0.11225694444444442 0.10159722222222226
4 0.19414930555555557 0.84890625 0.06847222222222218 0.06503472222222229
4 0.45124999999999993 0.49220486111111106 0.06840277777777785 0.06347222222222229
4 0.09388888888888888 0.5576157407407407 0.06541666666666668 0.06655092592592596
4 0.11973958333333334 0.8016030092592592 0.07003472222222222 0.06505787037037045
4 0.18875 0.2852951388888889 0.08621527777777778 0.07778935185185185
4 0.36272569444444447 0.6746469907407407 0.07798611111111117 0.0682986111111111
4 0.7482118055555556 0.36288773148148146 0.06840277777777785 0.0634722222222222
4 0.9295312499999999 0.3937731481481482 0.10458333333333343 0.10460648148148141
4 0.5686631944444445 0.18675925925925924 0.056770833333333215 0.047685185185185205
4 0.8611458333333333 0.5446875 0.074861111111111 0.06825231481481495
4 0.3957638888888889 0.8271817129629628 0.07173611111111118 0.06820601851851862
4 0.5828645833333332 0.6752893518518519 0.06527777777777785 0.06342592592592596