4 0.5555208333333332 0.5084548611111112 0.10208333333333322 0.10438657407407419
4 0.8739062499999999 0.7463425925925925 0.11333333333333329 0.10939814814814816
4 0.3075 0.8348206018518518 0.05 0.04826388888888857
4 0.3609375 0.6305613425925926 0.08958333333333339 0.08062500000000003
4 0.36192708333333334 0.5050578703703704 0.06302083333333339 0.05644675925925924
4 0.5721875000000001 0.17367476851851854 0.07645833333333343 0.07087962962962964
4 0.4338541666666666 0.05184027777777778 0.09895833333333322 0.08090277777777777
4 0.12239583333333333 0.5143344907407407 0.07958333333333334 0.09436342592592588
4 0.17765625000000002 0.9338946759259258 0.10708333333333334 0.08582175925925953
4 0.5926041666666666 0.924357638888889 0.06875 0.07221064814814823
4 0.66453125 0.8804861111111112 0.05833333333333339 0.05630787037037024
4 0.6089583333333334 0.46793402777777776 0.05843750000000014 0.05787037037037024
4 0.06333333333333332 0.6342187499999999 0.048125000000000015 0.09031249999999993