4 0.5223958333333334 0.38718171296296294 0.08718749999999993 0.09026620370370368
4 0.24536458333333333 0.51328125 0.08697916666666669 0.08714120370370378
4 0.8595833333333334 0.49479745370370376 0.05531250000000014 0.05701388888888879
4 0.6613541666666667 0.5360532407407408 0.07333333333333343 0.06976851851851844
4 0.6668749999999999 0.4311805555555555 0.05500000000000007 0.052326388888888783
4 0.7571354166666666 0.8583912037037036 0.09437499999999996 0.08100694444444442
4 0.9033333333333333 0.6231828703703703 0.07552083333333322 0.07916666666666679
4 0.7302083333333333 0.17295717592592594 0.06166666666666672 0.058668981481481454
4 0.6714062500000001 0.733755787037037 0.05322916666666657 0.04917824074074062
4 0.3896354166666667 0.6831886574074074 0.04156250000000004 0.03807870370370381
4 0.5461979166666666 0.09904513888888888 0.060104166666666715 0.05864583333333333
4 0.6802083333333334 0.9127083333333333 0.05656250000000007 0.05234953703703695
4 0.7030208333333333 0.9616377314814816 0.08354166666666671 0.05899305555555543
4 0.5166145833333333 0.5233391203703703 0.06343750000000004 0.06181712962962962
4 0.4463020833333333 0.7355266203703703 0.06031250000000003 0.06177083333333329