4 0.61328125 0.196875 0.0390625 0.08125
4 0.5140625 0.2671875 0.03671875 0.04453125
4 0.68125 0.3234375 0.04140625 0.04765625
4 0.44453125 0.50859375 0.0453125 0.05234375
4 0.30625 0.240625 0.028125 0.04296875
4 0.2625 0.44296875 0.0375 0.0609375
4 0.18046875 0.52421875 0.0421875 0.07109375
4 0.19375 0.853125 0.109375 0.1890625
4 0.6 0.56171875 0.11875 0.08046875
4 0.4078125 0.5953125 0.0375 0.05390625
4 0.74453125 0.84375 0.0515625 0.0765625
4 0.484375 0.8890625 0.03828125 0.06328125
4 0.553125 0.878125 0.028125 0.04140625
4 0.31015625 0.7421875 0.0421875 0.05078125
4 0.95390625 0.81953125 0.0640625 0.06796875
4 0.871875 0.88125 0.04921875 0.09765625
4 0.525 0.68359375 0.034375 0.04609375