4 0.42109375 0.69296875 0.10625 0.05625
4 0.42265625 0.50703125 0.084375 0.04609375
4 0.7609375 0.8140625 0.10234375 0.05859375
4 0.2140625 0.3890625 0.08203125 0.04375
4 0.3296875 0.56171875 0.06875 0.03828125
4 0.27265625 0.290625 0.08828125 0.04453125
4 0.5578125 0.38828125 0.0671875 0.03984375
4 0.765625 0.61875 0.0625 0.03984375
4 0.76171875 0.5484375 0.0703125 0.03984375
4 0.071875 0.6625 0.0640625 0.03671875
4 0.5375 0.61640625 0.07109375 0.0359375
4 0.6984375 0.28359375 0.06171875 0.03984375
4 0.0328125 0.78671875 0.06484375 0.046875
4 0.58359375 0.27265625 0.065625 0.04296875
4 0.42265625 0.7421875 0.0609375 0.0359375
4 0.01953125 0.45390625 0.0390625 0.0453125
4 0.71640625 0.23046875 0.1015625 0.06171875
4 0.8421875 0.94296875 0.10078125 0.0421875
4 0.18125 0.83515625 0.06171875 0.03515625
4 0.4578125 0.13203125 0.06796875 0.0375
4 0.3890625 0.1640625 0.06328125 0.0390625
4 0.1328125 0.21953125 0.0421875 0.02890625
4 0.4890625 0.190625 0.065625 0.03828125
4 0.58671875 0.240625 0.059375 0.04453125