4 0.54375 0.44453125 0.08515625 0.0796875
4 0.36171875 0.15390625 0.08828125 0.0890625
4 0.221875 0.6609375 0.040625 0.0390625
4 0.4125 0.6171875 0.065625 0.06953125
4 0.5265625 0.61875 0.0453125 0.05
4 0.84921875 0.4359375 0.05703125 0.0609375
4 0.9484375 0.5625 0.07109375 0.07890625
4 0.49296875 0.83359375 0.07890625 0.059375
4 0.10859375 0.7765625 0.0875 0.08671875
4 0.034375 0.69375 0.05859375 0.05078125
4 0.171875 0.40390625 0.05859375 0.05234375
4 0.21796875 0.3390625 0.04453125 0.04453125
4 0.58671875 0.39765625 0.046875 0.0453125
4 0.378125 0.9 0.07734375 0.06171875