4 0.1362326388888889 0.45126736111111115 0.09958333333333336 0.06524305555555543
4 0.23727430555555556 0.5493229166666667 0.05847222222222222 0.05250000000000003
4 0.2544791666666667 0.35750000000000004 0.06343750000000004 0.058958333333333356
4 0.5165104166666666 0.5866840277777777 0.06826388888888886 0.062291666666666676
4 0.2624305555555556 0.7820138888888888 0.053298611111111074 0.04135416666666671
4 0.4931076388888888 0.7969444444444445 0.07736111111111121 0.05645833333333332
4 0.6009895833333333 0.8734722222222221 0.08864583333333335 0.06475694444444428
4 0.9167708333333333 0.8041319444444444 0.1664583333333333 0.16812499999999986
4 0.5326736111111111 0.4065104166666666 0.11895833333333332 0.15031250000000007
4 0.6190104166666666 0.6122916666666667 0.06798611111111122 0.05604166666666668
4 0.7988368055555556 0.20236111111111113 0.0969444444444445 0.0760416666666666
4 0.9157118055555558 0.4812326388888889 0.07743055555555571 0.05802083333333332
4 0.8859201388888888 0.40739583333333335 0.05173611111111143 0.041284722222222216
4 0.8028124999999999 0.6953125 0.06656249999999986 0.059097222222222176
4 0.8067534722222222 0.06470486111111111 0.11975694444444436 0.06302083333333335
4 0.6828645833333333 0.47010416666666666 0.05989583333333322 0.04944444444444436