4 0.26057291666666665 0.54375 0.11104166666666675 0.075
4 0.4687326388888889 0.0359375 0.10784722222222225 0.071875
4 0.4338194444444444 0.41171875 0.08888888888888893 0.0625
4 0.698576388888889 0.45078125 0.08590277777777774 0.06875
4 0.745451388888889 0.3453125 0.09215277777777775 0.06875
4 0.5407638888888888 0.134375 0.10968750000000008 0.084375
4 0.5485416666666667 0.73359375 0.07628472222222218 0.0578125
4 0.45197916666666665 0.50859375 0.06677083333333336 0.0515625
4 0.44059027777777776 0.24765625 0.07145833333333336 0.0515625
4 0.14237847222222222 0.2375 0.07003472222222222 0.0578125
4 0.07255208333333334 0.2859375 0.06517361111111111 0.05
4 0.31748263888888884 0.7953125 0.06677083333333336 0.0515625
4 0.4824305555555556 0.8609375 0.11899305555555557 0.08125
4 0.24996527777777774 0.4234375 0.07145833333333336 0.0515625
4 0.6554166666666668 0.14296875 0.07770833333333335 0.0515625
4 0.7464930555555556 0.12265625 0.07138888888888886 0.0484375
4 0.06623263888888889 0.4296875 0.06520833333333334 0.0515625
4 0.43928819444444445 0.728125 0.07642361111111118 0.0640625
4 0.7701041666666667 0.18515625 0.07774305555555543 0.053125