4 0.471875 0.38515625 0.0703125 0.078125
4 0.2109375 0.53046875 0.0703125 0.07421875
4 0.7984375 0.459375 0.04609375 0.04921875
4 0.61015625 0.51640625 0.06015625 0.059375
4 0.6109375 0.41484375 0.04609375 0.04609375
4 0.7140625 0.81875 0.07734375 0.0703125
4 0.8453125 0.5796875 0.06015625 0.06953125
4 0.6625 0.1609375 0.05078125 0.0515625
4 0.62734375 0.70625 0.04375 0.0421875
4 0.3546875 0.68203125 0.034375 0.0328125
4 0.48359375 0.10625 0.04921875 0.05234375
4 0.6421875 0.878125 0.046875 0.0453125
4 0.6671875 0.93046875 0.07109375 0.0625
4 0.4703125 0.5171875 0.0515625 0.053125
4 0.41171875 0.72734375 0.0484375 0.053125
4 0.971875 0.53203125 0.0328125 0.034375