4 0.7450520833333334 0.015202546296296299 0.15052083333333321 0.030405092592592598
4 0.2987210648148148 0.08199074074074074 0.10348379629629631 0.07311342592592592
4 0.5205092592592593 0.02737847222222222 0.10273148148148152 0.05475694444444444
4 0.21742476851851852 0.13276041666666666 0.04240740740740741 0.036782407407407416
4 0.2928067129629629 0.19605324074074076 0.07807870370370366 0.06381944444444443
4 0.3180381944444445 0.49052083333333335 0.5006018518518519 0.3116087962962963
4 0.3664583333333334 0.30773726851851857 0.23008101851851848 0.1413657407407408
4 0.6645428240740741 0.3118807870370371 0.24634259259259253 0.27473379629629624
4 0.7227835648148148 0.11994791666666668 0.0972337962962964 0.07274305555555553
4 0.8818113425925926 0.2974479166666667 0.10841435185185197 0.07807870370370366
4 0.6063715277777778 0.6977430555555555 0.7323263888888889 0.4546296296296298