4 0.5324363425925925 0.3404340277777778 0.07615740740740726 0.07724537037037038
4 0.3244502314814815 0.3558969907407407 0.07997685185185191 0.09615740740740737
4 0.929861111111111 0.4313310185185185 0.09444444444444429 0.10782407407407409
4 0.6312789351851852 0.5349247685185186 0.09907407407407405 0.10650462962962966
4 0.8337962962962961 0.225 0.06319444444444429 0.06409722222222225
4 0.49447337962962956 0.4601446759259259 0.06325231481481489 0.06565972222222224
4 0.5683449074074074 0.12881944444444443 0.06319444444444447 0.06409722222222221
4 0.7934895833333333 0.15535300925925927 0.0632523148148147 0.06565972222222224
4 0.3125289351851852 0.21460069444444443 0.0747106481481481 0.08028935185185189
4 0.6666666666666666 0.3794791666666667 0.06666666666666679 0.07363425925925923
4 0.36342592592592593 0.7351736111111111 0.06325231481481489 0.06565972222222224
4 0.3866319444444445 0.9086342592592593 0.10063657407407404 0.10658564814814823
4 0.20749421296296297 0.566255787037037 0.04560185185185191 0.05226851851851855
4 0.5279513888888889 0.840486111111111 0.06336805555555572 0.06878472222222243
4 0.3278935185185185 0.01976851851851852 0.07546296296296298 0.03953703703703704
4 0.8058159722222221 0.41203124999999996 0.06498842592592595 0.07042824074074083
4 0.511545138888889 0.01362847222222222 0.08940972222222214 0.02725694444444444
4 0.6590856481481481 0.5841666666666667 0.06001157407407405 0.06237268518518526