4 0.2770196759259259 0.44795138888888886 0.0506018518518518 0.04136574074074062
4 0.6082233796296297 0.35049189814814813 0.04745370370370381 0.03975694444444446
4 0.2507523148148148 0.2693981481481481 0.07275462962962961 0.06043981481481477
4 0.32061342592592595 0.6173842592592592 0.0537962962962963 0.04609953703703695
4 0.7375173611111111 0.16799189814814816 0.11232638888888893 0.09539351851851849
4 0.20155671296296296 0.5835821759259259 0.08553240740740745 0.07937499999999993
4 0.4063252314814815 0.0536863425925926 0.05531250000000014 0.04299768518518519
4 0.2006712962962963 0.16863425925925926 0.07427083333333337 0.05733796296296294
4 0.2986053240740741 0.6787905092592592 0.10901620370370368 0.08284722222222225
4 0.5565393518518519 0.4106770833333333 0.06328703703703695 0.054050925925925954
4 0.9110416666666667 0.11195601851851851 0.04262731481481481 0.03031250000000001
4 0.4138657407407408 0.2303993055555556 0.07268518518518512 0.055752314814814775
4 0.08265625 0.5919791666666667 0.06792824074074073 0.050995370370370455
4 0.37355324074074076 0.10321180555555556 0.1041666666666666 0.0718402777777778
4 0.09010416666666668 0.45846643518518526 0.053750000000000006 0.04297453703703695
4 0.5730844907407407 0.19056134259259258 0.0648032407407408 0.05094907407407412
4 0.02597800925925926 0.6293576388888888 0.05195601851851852 0.046215277777777786
4 0.0037847222222222227 0.5665219907407407 0.0075694444444444455 0.04554398148148149
4 0.677962962962963 0.2319675925925926 0.06804398148148146 0.058807870370370365
4 0.3091319444444444 0.5484490740740741 0.058530092592592634 0.04929398148148145