4 0.25920717592592596 0.3564236111111111 0.07616898148148152 0.09436342592592598
4 0.44855324074074077 0.43162615740740745 0.05681712962962955 0.07349537037037024
4 0.4982581018518519 0.627800925925926 0.06784722222222221 0.0769444444444444
4 0.2538020833333333 0.06381944444444446 0.07754629629629628 0.08815972222222221
4 0.3596643518518518 0.47590856481481475 0.050289351851851904 0.06393518518518526
4 0.6179282407407407 0.6266550925925926 0.06003472222222221 0.0767129629629629
4 0.45348958333333333 0.13307291666666665 0.051712962962962905 0.0592939814814815
4 0.52453125 0.16332754629629628 0.05175925925925924 0.060856481481481504
4 0.6135937499999999 0.3770891203703704 0.04394675925925924 0.06062500000000002
4 0.3749131944444445 0.3043344907407407 0.050381944444444396 0.06706018518518517
4 0.16836226851851852 0.6250636574074073 0.05038194444444444 0.06706018518518526
4 0.771076388888889 0.31372685185185184 0.04541666666666657 0.05754629629629626
4 0.2072800925925926 0.34081018518518513 0.04541666666666666 0.05754629629629626
4 0.8333680555555556 0.32260995370370366 0.0651851851851852 0.09247685185185191
4 0.8399131944444445 0.5503472222222222 0.04082175925925924 0.06053240740740744
4 0.7457118055555556 0.40446180555555555 0.05038194444444457 0.06706018518518526