4 0.8383854166666665 0.35625 0.09496527777777786 0.0546875
4 0.7769270833333334 0.4734375 0.05572916666666679 0.046875
4 0.6894791666666666 0.3 0.058958333333333356 0.0515625
4 0.5254513888888889 0.5828125 0.06374999999999993 0.05625
4 0.839704861111111 0.696875 0.050833333333333286 0.0375
4 0.6257638888888889 0.77265625 0.07295138888888886 0.0484375
4 0.5506597222222223 0.8734375 0.08406249999999993 0.05625
4 0.19114583333333332 0.90234375 0.22513888888888886 0.146875
4 0.44293402777777774 0.4203125 0.10625 0.140625
4 0.43675347222222227 0.634375 0.06510416666666678 0.046875
4 0.11368055555555556 0.29921875 0.09208333333333334 0.065625
4 0.10453125 0.590625 0.07454861111111111 0.05
4 0.10593749999999999 0.51328125 0.049236111111111126 0.0359375
4 0.29269097222222223 0.7609375 0.06211805555555552 0.053125
4 0.10946180555555556 0.07421875 0.0827777777777778 0.06875
4 0.056805555555555554 0.165625 0.10770833333333334 0.065625
4 0.32244791666666667 0.51796875 0.055659722222222284 0.04375