4 0.7808622685185186 0.5778645833333333 0.08460648148148149 0.12789351851851852
4 0.5783333333333334 0.596875 0.06924768518518523 0.10237268518518512
4 0.8409953703703703 0.18865740740740738 0.0874884259259261 0.12332175925925926
4 0.49421874999999993 0.839380787037037 0.06596064814814824 0.09913194444444465
4 0.6581539351851852 0.6926215277777779 0.05569444444444436 0.08159722222222214
4 0.3745196759259259 0.7866030092592592 0.06784722222222221 0.10543981481481488
4 0.42000578703703706 0.46079282407407407 0.05725694444444436 0.08165509259259274
4 0.6274479166666667 0.20570023148148148 0.056932870370370384 0.07540509259259257
4 0.5524768518518519 0.2185185185185185 0.058981481481481524 0.08483796296296298
4 0.820324074074074 0.962962962962963 0.05200231481481481 0.07054398148148167
4 0.6724826388888889 0.457667824074074 0.05585648148148152 0.08472222222222214
4 0.2769386574074074 0.3182581018518518 0.056932870370370384 0.07540509259259257
4 0.9595081018518519 0.970457175925926 0.05450231481481467 0.02853009259259238
4 0.28901041666666666 0.4458043981481481 0.06030092592592595 0.08020833333333321
4 0.8342824074074073 0.570486111111111 0.05380787037037038 0.0752893518518519
4 0.2146122685185185 0.3042534722222222 0.09061342592592592 0.1234375
4 0.980072337962963 0.8248263888888889 0.039855324074073904 0.07517361111111107
4 0.16211805555555556 0.6001736111111111 0.05413194444444445 0.0815393518518519
4 0.21189814814814817 0.672974537037037 0.05701388888888888 0.07696759259259256
4 0.32599537037037035 0.9485532407407409 0.04009259259259253 0.051388888888888574
4 0.2192650462962963 0.5594039351851852 0.05553240740740737 0.07847222222222214
4 0.2547164351851852 0.44609375 0.0631018518518518 0.07407407407407404