4 0.571556712962963 0.5784374999999999 0.09675925925925917 0.08818287037037038
4 0.36550925925925926 0.8071238425925926 0.09207175925925934 0.08790509259259238
4 0.5742476851851852 0.2349074074074074 0.06030092592592595 0.05802083333333332
4 0.4733796296296296 0.4101909722222222 0.07563657407407405 0.0760416666666666
4 0.5745659722222222 0.43188078703703703 0.05706018518518512 0.05627314814814817
4 0.19638310185185187 0.24076388888888892 0.08940972222222224 0.0939699074074074
4 0.4658854166666666 0.16178819444444445 0.08657407407407405 0.07668981481481482
4 0.8410011574074074 0.43668402777777776 0.0653356481481481 0.06298611111111115
4 0.28778935185185184 0.3521122685185185 0.05370370370370372 0.05296296296296301
4 0.24832175925925926 0.6306886574074074 0.04195601851851851 0.04137731481481488
4 0.8527777777777779 0.6272743055555555 0.06521990740740762 0.061423611111111144
4 0.11982060185185187 0.29978587962962966 0.05706018518518521 0.05627314814814817
4 0.07309027777777777 0.26327546296296295 0.08101851851851852 0.08569444444444443
4 0.44024884259259256 0.5502546296296297 0.06701388888888893 0.06464120370370381
4 0.215625 0.5636226851851852 0.06678240740740744 0.06151620370370363
4 0.5432581018518519 0.04945601851851852 0.04160879629629619 0.036689814814814814