4 0.49921875 0.390625 0.04921875 0.0765625
4 0.38515625 0.62890625 0.05234375 0.084375
4 0.715625 0.35859375 0.06484375 0.10390625
4 0.18125 0.2734375 0.08046875 0.0953125
4 0.77265625 0.3515625 0.0390625 0.0609375
4 0.20078125 0.15078125 0.040625 0.05703125
4 0.13984375 0.14375 0.0578125 0.09453125
4 0.815625 0.02578125 0.05625 0.04296875
4 0.5734375 0.478125 0.04296875 0.0609375
4 0.2609375 0.5875 0.04765625 0.08984375
4 0.584375 0.0265625 0.04296875 0.04453125
4 0.12734375 0.38125 0.0453125 0.065625
4 0.03125 0.71171875 0.034375 0.05
4 0.2 0.74296875 0.03046875 0.046875
4 0.72578125 0.72578125 0.04375 0.06875
4 0.91015625 0.58828125 0.0390625 0.0671875
4 0.340625 0.275 0.03984375 0.06484375
4 0.60859375 0.25703125 0.03828125 0.0640625
4 0.50234375 0.03828125 0.046875 0.0546875
4 0.103125 0.490625 0.046875 0.0640625
4 0.059375 0.42890625 0.040625 0.06875
4 0.8765625 0.7609375 0.05390625 0.1015625
4 0.49375 0.834375 0.03125 0.03984375