4 0.525 0.3640625 0.06640625 0.06640625
4 0.321875 0.396875 0.065625 0.084375
4 0.93671875 0.41875 0.07734375 0.09296875
4 0.6578125 0.546875 0.08203125 0.090625
4 0.80546875 0.225 0.053125 0.0546875
4 0.50859375 0.48515625 0.05234375 0.05546875
4 0.52421875 0.15390625 0.05390625 0.05234375
4 0.7515625 0.16015625 0.05234375 0.05625
4 0.284375 0.26015625 0.0625 0.06953125
4 0.665625 0.39140625 0.05546875 0.0625
4 0.42734375 0.76640625 0.05234375 0.05546875
4 0.48046875 0.93515625 0.0828125 0.0890625
4 0.2421875 0.6140625 0.03828125 0.0453125
4 0.60859375 0.85546875 0.05390625 0.059375
4 0.26484375 0.05234375 0.065625 0.05859375
4 0.81015625 0.41015625 0.0546875 0.05859375
4 0.44609375 0.02734375 0.08046875 0.05390625
4 0.69453125 0.5921875 0.0515625 0.05234375