4 0.38359375 0.6717303240740741 0.115625 0.07459490740740744
4 0.40859375 0.4817418981481481 0.0921875 0.06122685185185191
4 0.715625 0.8258391203703704 0.1109375 0.07598379629629619
4 0.2109375 0.34140625 0.0890625 0.05798611111111107
4 0.30703125 0.5292534722222222 0.0765625 0.049710648148148094
4 0.2828125 0.245775462962963 0.0953125 0.06134259259259256
4 0.56171875 0.3713831018518518 0.0734375 0.05115740740740744
4 0.74453125 0.6255497685185185 0.06875 0.05098379629629637
4 0.75 0.5534722222222223 0.0765625 0.051273148148148096
4 0.0328125 0.6089409722222222 0.065625 0.04774305555555554
4 0.51171875 0.6029224537037037 0.078125 0.04976851851851851
4 0.71875 0.2757233796296296 0.06875 0.05098379629629628
4 0.00546875 0.7326099537037037 0.0109375 0.05353009259259256
4 0.603125 0.254224537037037 0.071875 0.05422453703703702
4 0.37890625 0.7219039351851853 0.0671875 0.047800925925925955
4 0.015625 0.3900462962962963 0.01875 0.049131944444444464
4 0.74296875 0.22326388888888887 0.1109375 0.07910879629629627
4 0.78203125 0.9538483796296298 0.1078125 0.03836805555555571
4 0.12109375 0.7962962962962964 0.0671875 0.046238425925925954
4 0.4921875 0.09895833333333334 0.075 0.04809027777777779
4 0.4171875 0.12595486111111112 0.0703125 0.051041666666666693
4 0.14921875 0.16087962962962962 0.046875 0.036111111111111115
4 0.51640625 0.1621238425925926 0.0734375 0.04959490740740744
4 0.609375 0.22274305555555554 0.065625 0.05711805555555553