4 0.48125 0.78125 0.03359375 0.0328125
4 0.75390625 0.5328125 0.09921875 0.096875
4 0.96796875 0.53203125 0.0390625 0.03515625
4 0.1 0.221875 0.0609375 0.05546875
4 0.2109375 0.74140625 0.06171875 0.0625
4 0.528125 0.39375 0.0671875 0.05859375
4 0.140625 0.42109375 0.06640625 0.05625
4 0.20078125 0.61875 0.07734375 0.071875
4 0.421875 0.74765625 0.0859375 0.09609375
4 0.3921875 0.5984375 0.06171875 0.06171875
4 0.03046875 0.31484375 0.06015625 0.071875
4 0.44375 0.34609375 0.0625 0.06171875
4 0.05546875 0.17578125 0.090625 0.07890625