4 0.4331770833333334 0.5547164351851851 0.09666666666666668 0.10121527777777786
4 0.16881944444444444 0.3193402777777778 0.10618055555555554 0.1061805555555555
4 0.7091840277777778 0.2649768518518519 0.046655092592592595 0.046655092592592595
4 0.6317303240740741 0.45112847222222224 0.08351851851851855 0.07896990740740736
4 0.6134143518518519 0.5678761574074074 0.059386574074074085 0.05483796296296291
4 0.3716203703703703 0.8641030092592594 0.07230324074074072 0.06927083333333357
4 0.4815914351851852 0.9709375 0.09431712962962954 0.05812500000000007
4 0.8377256944444446 0.571394675925926 0.07607638888888886 0.09123842592592588
4 0.8472800925925925 0.1697627314814815 0.10457175925925917 0.10457175925925925
4 0.7739988425925926 0.0831423611111111 0.061087962962962906 0.05957175925925928
4 0.4563310185185186 0.16912615740740738 0.06288194444444457 0.06743055555555558
4 0.3825405092592593 0.20525462962962965 0.05465277777777775 0.053136574074074086
4 0.3781597222222222 0.5906192129629629 0.054745370370370326 0.05626157407407408
4 0.9260995370370371 0.4653240740740741 0.07759259259259252 0.08972222222222222