4 0.27053819444444444 0.025439814814814814 0.0870486111111111 0.023842592592592592
4 0.2726273148148148 0.18863425925925925 0.06307870370370364 0.06601851851851852
4 0.5863657407407408 0.21271412037037035 0.09343749999999992 0.13165509259259256
4 0.9032233796296296 0.1444675925925926 0.09166666666666679 0.07549768518518518
4 0.4600925925925926 0.3855497685185185 0.060682870370370526 0.051863425925925896
4 0.5288946759259259 0.48135416666666664 0.07217592592592581 0.06188657407407412
4 0.3125752314814815 0.5861342592592592 0.0584837962962963 0.06730324074074083
4 0.8469907407407409 0.4186689814814815 0.06206018518518519 0.048831018518518475
4 0.6544502314814815 0.3735474537037037 0.06940972222222222 0.04148148148148145
4 0.15932291666666668 0.44690972222222225 0.0409259259259259 0.06003472222222221
4 0.33144675925925926 0.7307233796296296 0.06344907407407412 0.07226851851851848
4 0.6067534722222222 0.6756944444444445 0.06168981481481488 0.042581018518518476
4 0.6460474537037036 0.8857812500000002 0.23067129629629618 0.16158564814814796